65 198 9 138 146 
10 94 
186 202 201 205 72 
157 
161 
61 
166 
158 
159 
160 
153 
154 
165 
152 
73 74 67 89 90 
168 
169 
170 
171 
172 
62 
164 
179 
180 
181 
167 
203 204 91 128 174 
36 
37 
26 
34 
35 
30 
31 
32 
33 
38 
39 
29 
25 
20 
27 
28 
16 
19 
163 
183 
175 
17 
14 
21 
22 
15 
18 
23 
40 
93 193 80 194 125 
182 
24 
41 
126 127 155 118 119 
55 177 178 
156 
121 117 122 123 124 
115 120 116 113 195 
97 92 108 2 3 
96 95 112 75 
85 
162 
196 107 110 111 114 
129 109 
76 
45 
150 
8 135 191 190 192 
71 
4 
139 11 145 
78 200 199 77 
56 
57 
49 
134 
50 
132 
59 
133 
43 176 143 
81 
48 
47 
79 13 
60 
66 
58 
12 
46 
88 
42 
68 
70 
184 
69 
83 
185 
173 
82 
84 
187 188 141 189 
137 
144 
7 
6 
5 
136 
151 
86 
87 
54 
52 
147 
53 
51 
63 
105 
101 
104 
99 
100 
103 
106 
98 
102 
140 
131 
130 
44 
148 
149 
142 
197 
64 
